Scatterer_ocean
{
	Ocean
	{
		name = Titan
		m_foamAnsio = 10
		m_foamMipMapBias = -2
		m_whiteCapStr = 0.100000001
		shoreFoam = 1
		m_farWhiteCapStr = -0.200000003
		choppynessMultiplier = 1
		AMP = 1
		m_ansio = 5
		m_windSpeed = 2.5
		m_omega = 0.839999974
		m_varianceSize = 4
		m_oceanUpwellingColor = 0.0078125,0.00507812481,0
		m_UnderwaterColor = 0.0078125,0.00507812481,0
		m_oceanLevel = 0
		m_zmin = 20000
		m_resolution = 4
		MAX_VERTS = 65000
		oceanScale = 1
		oceanAlpha = 0.949999988
		alphaRadius = 1400
		transparencyDepth = 10
		darknessDepth = 100
		refractionIndex = 0.150000006
		fakeOceanAltitude = 600000
	}
}
