Scatterer_atmosphere
{
	Atmo
	{
		name = Jupiter
		experimentalAtmoScale = 4
		cloudColorMultiplier = 2
		cloudScatteringMultiplier = 0.0199999996
		cloudSkyIrradianceMultiplier = 0.0649999976
		volumetricsColorMultiplier = 1
		Rg = 69373000
		Rt = 69760496
		RL = 69761504
		atmosphereGlobalScale = 1
		EVEIntegration_preserveCloudColors = True
		HR = 18.7140007
		HM = 4.67799997
		BETA_MSca = 0.00976600032,0.00976600032,0.00976600032
		m_betaR = 0.000976999989,0.000976999989,0.000976999989
		m_mieG = 0.850000024
		rimBlend = 25
		rimpower = 600
		specR = 2.5
		specG = 2.5
		specB = 2.5
		shininess = 25
		assetPath = KSRSSVE/scatterer/Planets/Jupiter/Atmo
		configPoints
		{
			Item
			{
				altitude = 4678
				skyExposure = 0.995480001
				skyAlpha = 0.996384025
				skyExtinctionTint = 1
				scatteringExposure = 0.248944998
				extinctionThickness = 1
				postProcessAlpha = 0.949999988
				postProcessDepth = 0.25
				extinctionTint = 0.25
				openglThreshold = 10
				viewdirOffset = 0
			}
			Item
			{
				altitude = 18714
				skyExposure = 0.98199898
				skyAlpha = 0.985598981
				skyExtinctionTint = 1
				scatteringExposure = 0.245800003
				extinctionThickness = 1
				postProcessAlpha = 0.949999988
				postProcessDepth = 0.25
				extinctionTint = 0.25
				openglThreshold = 10
				viewdirOffset = 0
			}
			Item
			{
				altitude = 1550000
				skyExposure = 0.25
				skyAlpha = 0.400000006
				skyExtinctionTint = 1
				scatteringExposure = 0.075000003
				extinctionThickness = 1
				postProcessAlpha = 0.949999988
				postProcessDepth = 0.25
				extinctionTint = 0.25
				openglThreshold = 10
				viewdirOffset = 0
			}
		}
	}
}
