Scatterer_atmosphere
{
	Atmo
	{
		name = Neptune
		experimentalAtmoScale = 4
		cloudColorMultiplier = 1
		cloudScatteringMultiplier = 0.0199999996
		cloudSkyIrradianceMultiplier = 0.75
		volumetricsColorMultiplier = 1
		Rg = 24085000
		Rt = 24397500
		RL = 24398500
		atmosphereGlobalScale = 1
		EVEIntegration_preserveCloudColors = False
		HR = 13.6540003
		HM = 3.41300011
		BETA_MSca = 0.0027340001,0.00429699989,0.00976600032
		m_betaR = 0.000273000012,0.000429999985,0.000976999989
		m_mieG = 0.850000024
		rimBlend = 25
		rimpower = 600
		specR = 0.699999988
		specG = 1.10000002
		specB = 2.5
		shininess = 25
		assetPath = KSRSSVE/scatterer/Planets/Neptune/Atmo
		configPoints
		{
			Item
			{
				altitude = 3413
				skyExposure = 0.995227993
				skyAlpha = 0.995909989
				skyExtinctionTint = 1
				scatteringExposure = 0.248717993
				extinctionThickness = 1
				postProcessAlpha = 0.949999988
				postProcessDepth = 0.249182001
				extinctionTint = 0.25
				openglThreshold = 10
				viewdirOffset = 0
			}
			Item
			{
				altitude = 13654
				skyExposure = 0.980988979
				skyAlpha = 0.983704984
				skyExtinctionTint = 1
				scatteringExposure = 0.244893998
				extinctionThickness = 1
				postProcessAlpha = 0.949999988
				postProcessDepth = 0.246740997
				extinctionTint = 0.25
				openglThreshold = 10
				viewdirOffset = 0
			}
			Item
			{
				altitude = 1250000
				skyExposure = 0.125
				skyAlpha = 0.25
				skyExtinctionTint = 1
				scatteringExposure = 0.0149999997
				extinctionThickness = 1
				postProcessAlpha = 0.949999988
				postProcessDepth = 0.100000001
				extinctionTint = 0.25
				openglThreshold = 10
				viewdirOffset = 0
			}
		}
	}
}
