Scatterer_atmosphere
{
	Atmo
	{
		name = Venus
		experimentalAtmoScale = 2
		cloudColorMultiplier = 3
		cloudScatteringMultiplier = 0.0199999996
		cloudSkyIrradianceMultiplier = 0.01
		volumetricsColorMultiplier = 1
		Rg = 6049000
		Rt = 6121500
		RL = 6122500
		atmosphereGlobalScale = 1
		EVEIntegration_preserveCloudColors = False
		HR = 11.0200005
		HM = 2.75500011
		BETA_MSca = 0.16640625,0.15078125,0.1234375
		m_betaR = 0.00664062519,0.00507812481,0.00234375009
		m_mieG = 0.75
		rimBlend = 25
		rimpower = 600
		specR = 2
		specG = 1.89999998
		specB = 1.79999995
		shininess = 25
		assetPath = KSRSSVE/scatterer/Planets/Venus/Atmo
		configPoints
		{
			Item
			{
				altitude = 500
				skyExposure = 1
				skyAlpha = 1
				skyExtinctionTint = 0
				scatteringExposure = 0.100000001
				extinctionThickness = 0
				postProcessAlpha = 0.949999988
				postProcessDepth = 0.25
				extinctionTint = 1
				openglThreshold = 10
				viewdirOffset = 0
			}
			Item
			{
				altitude = 1000
				skyExposure = 0.875
				skyAlpha = 0.933300018
				skyExtinctionTint = 0.0417000018
				scatteringExposure = 0.0917000026
				extinctionThickness = 0
				postProcessAlpha = 0.949999988
				postProcessDepth = 0.308299989
				extinctionTint = 0.871699989
				openglThreshold = 10
				viewdirOffset = 0
			}
			Item
			{
				altitude = 5000
				skyExposure = 0.75
				skyAlpha = 0.866699994
				skyExtinctionTint = 0.0829999968
				scatteringExposure = 0.0833000019
				extinctionThickness = 0
				postProcessAlpha = 0.949999988
				postProcessDepth = 0.366699994
				extinctionTint = 0.743300021
				openglThreshold = 10
				viewdirOffset = 0
			}
			Item
			{
				altitude = 10000
				skyExposure = 0.625
				skyAlpha = 0.800000012
				skyExtinctionTint = 0.125
				scatteringExposure = 0.075000003
				extinctionThickness = 0
				postProcessAlpha = 0.949999988
				postProcessDepth = 0.425000012
				extinctionTint = 0.61500001
				openglThreshold = 10
				viewdirOffset = 0
			}
			Item
			{
				altitude = 50000
				skyExposure = 0.5
				skyAlpha = 0.733299971
				skyExtinctionTint = 0.166700006
				scatteringExposure = 0.0666999966
				extinctionThickness = 0
				postProcessAlpha = 0.949999988
				postProcessDepth = 0.4833
				extinctionTint = 0.486699998
				openglThreshold = 10
				viewdirOffset = 0
			}
			Item
			{
				altitude = 100000
				skyExposure = 0.375
				skyAlpha = 0.666700006
				skyExtinctionTint = 0.208299994
				scatteringExposure = 0.0582999997
				extinctionThickness = 0
				postProcessAlpha = 0.949999988
				postProcessDepth = 0.541700006
				extinctionTint = 0.3583
				openglThreshold = 10
				viewdirOffset = 0
			}
			Item
			{
				altitude = 150000
				skyExposure = 0.25
				skyAlpha = 0.600000024
				skyExtinctionTint = 0.25
				scatteringExposure = 0
				extinctionThickness = 0
				postProcessAlpha = 0
				postProcessDepth = 0
				extinctionTint = 0.230000004
				openglThreshold = 10
				viewdirOffset = 0
			}
		}
	}
}
