Scatterer_ocean
{
	Ocean
	{
		name = Titan
		m_foamAnsio = 10
		m_foamMipMapBias = -2
		m_whiteCapStr = 0.100000001
		shoreFoam = 1
		m_farWhiteCapStr = -0.200000003
		AMP = 1
		m_ansio = 2
		m_windSpeed = 2.5
		m_omega = 0.839999974
		m_varianceSize = 4
		m_oceanUpwellingColor = 0.00781300012,0.00507800002,0
		m_UnderwaterColor = 0.00781300012,0.00507800002,0
		m_resolution = 4
		MAX_VERTS = 65000
		oceanScale = 1
		oceanAlpha = 0.949999988
		alphaRadius = 1400
		transparencyDepth = 5
		darknessDepth = 50
		refractionIndex = 1.5
	}
}
