Scatterer_atmosphere
{
	Atmo
	{
		name = Uranus
		experimentalAtmoScale = 2
		cloudColorMultiplier = 2
		cloudScatteringMultiplier = 0.0199999996
		cloudSkyIrradianceMultiplier = 0.0500000007
		volumetricsColorMultiplier = 1
		Rg = 24702000
		Rt = 25402000
		RL = 25403000
		atmosphereGlobalScale = 1
		EVEIntegration_preserveCloudColors = False
		HR = 19.2000008
		HM = 4.80000019
		BETA_MSca = 0.00585900014,0.00742200017,0.00781300012
		m_betaR = 0.00058599998,0.000742000004,0.00078100001
		m_mieG = 0.850000024
		rimBlend = 25
		rimpower = 600
		specR = 1.60000002
		specG = 1.79999995
		specB = 2
		shininess = 25
		assetPath = KSRSSVE/scatterer/Planets/Uranus/Atmo
		configPoints
		{
			Item
			{
				altitude = 4800
				skyExposure = 0.994009972
				skyAlpha = 0.994524002
				skyExtinctionTint = 1
				scatteringExposure = 0.248391002
				extinctionThickness = 1
				postProcessAlpha = 0.949999988
				postProcessDepth = 0.248972997
				extinctionTint = 0.25
				openglThreshold = 10
				viewdirOffset = 0
			}
			Item
			{
				altitude = 19200
				skyExposure = 0.976164997
				skyAlpha = 0.978208005
				skyExtinctionTint = 1
				scatteringExposure = 0.243597999
				extinctionThickness = 1
				postProcessAlpha = 0.949999988
				postProcessDepth = 0.245913997
				extinctionTint = 0.25
				openglThreshold = 10
				viewdirOffset = 0
			}
			Item
			{
				altitude = 1400000
				skyExposure = 0.125
				skyAlpha = 0.200000003
				skyExtinctionTint = 1
				scatteringExposure = 0.0149999997
				extinctionThickness = 1
				postProcessAlpha = 0.949999988
				postProcessDepth = 0.100000001
				extinctionTint = 0.25
				openglThreshold = 10
				viewdirOffset = 0
			}
		}
	}
}
