Scatterer_atmosphere
{
	Atmo
	{
		name = Saturn
		experimentalAtmoScale = 4
		cloudColorMultiplier = 2
		cloudScatteringMultiplier = 0.0199999996
		cloudSkyIrradianceMultiplier = 0.200000003
		volumetricsColorMultiplier = 1
		Rg = 57216000
		Rt = 57716000
		RL = 57717000
		atmosphereGlobalScale = 1
		EVEIntegration_preserveCloudColors = True
		HR = 41.2420006
		HM = 10.3100004
		BETA_MSca = 0.000976999989,0.000976999989,0.000976999989
		m_betaR = 9.79999968E-05,9.79999968E-05,9.79999968E-05
		m_mieG = 0.850000024
		rimBlend = 25
		rimpower = 600
		specR = 2.5
		specG = 2.5
		specB = 2.5
		shininess = 25
		assetPath = KSRSSVE/scatterer/Planets/Saturn/Atmo
		configPoints
		{
			Item
			{
				altitude = 10310
				skyExposure = 0.991002023
				skyAlpha = 0.992802024
				skyExtinctionTint = 0.997429013
				scatteringExposure = 0.247942999
				extinctionThickness = 1
				postProcessAlpha = 0.949999988
				postProcessDepth = 0.248457
				extinctionTint = 0.25
				openglThreshold = 10
				viewdirOffset = 0
			}
			Item
			{
				altitude = 41242
				skyExposure = 0.964285016
				skyAlpha = 0.971427977
				skyExtinctionTint = 0.989795983
				scatteringExposure = 0.241836995
				extinctionThickness = 1
				postProcessAlpha = 0.949999988
				postProcessDepth = 0.243876994
				extinctionTint = 0.25
				openglThreshold = 10
				viewdirOffset = 0
			}
			Item
			{
				altitude = 2000000
				skyExposure = 0.125
				skyAlpha = 0.300000012
				skyExtinctionTint = 0.75
				scatteringExposure = 0.0500000007
				extinctionThickness = 1
				postProcessAlpha = 0.949999988
				postProcessDepth = 0.100000001
				extinctionTint = 0.25
				openglThreshold = 10
				viewdirOffset = 0
			}
		}
	}
}
